0 1 0 eps
0 1 1 eps
0 1 2 eps
0 1 3 eps
0 1 4 eps
0 1 5 eps
0 1 6 eps
0 1 7 eps
0 1 8 eps
0 1 9 eps
1 2 0 eps
1 2 1 eps
1 2 2 eps
1 2 3 eps
1 2 4 eps
1 2 5 eps
1 2 6 eps
1 2 7 eps
1 2 8 eps
1 2 9 eps
2 3 / eps
3 4 0 eps
3 4 1 eps
3 4 2 eps
3 4 3 eps
3 4 4 eps
3 4 5 eps
3 4 6 eps
3 4 7 eps
3 4 8 eps
3 4 9 eps
4 5 0 eps
4 5 1 eps
4 5 2 eps
4 5 3 eps
4 5 4 eps
4 5 5 eps
4 5 6 eps
4 5 7 eps
4 5 8 eps
4 5 9 eps
5 6 / eps
6 7 0 0
6 7 1 1
6 7 2 2
6 7 3 3
6 7 4 4
6 7 5 5
6 7 6 6
6 7 7 7
6 7 8 8
6 7 9 9
7 8 0 0
7 8 1 1
7 8 2 2
7 8 3 3
7 8 4 4
7 8 5 5
7 8 6 6
7 8 7 7
7 8 8 8
7 8 9 9
8 9 0 0
8 9 1 1
8 9 2 2
8 9 3 3
8 9 4 4
8 9 5 5
8 9 6 6
8 9 7 7
8 9 8 8
8 9 9 9
9 10 0 0
9 10 1 1
9 10 2 2
9 10 3 3
9 10 4 4
9 10 5 5
9 10 6 6
9 10 7 7
9 10 8 8
9 10 9 9
10